10                      00000 00000.00 A 
09 Martin Lee           00060 00000.00   
00                      00000 00000.00   
10 Mark Stone           00000 00000.00 S 
00 Mark Stone           00000 00000.00   
10                      00000 00000.00 A 
09 Martin Lee           00060 00000.00   
00                      00000 00000.00   
10                      00000 00000.00 A 
00                      00000 00000.00   
10 Mark Stone           00000 00000.00 S 
00 Mark Stone           00000 00000.00   
10                      00000 00000.00 A 
00                      00000 00000.00   
