10                            00000.00 A 
00                            00000.00   
10                            00000.00 A 
00                            00000.00   
10 Mark Stone                 00000.00 S 
00 Mark Stone                 00000.00   
10 Mark Stone                 00000.00 S 
00 Mark Stone                 00000.00   
10                            00000.00 A 
02 Jennifer Clark       00050 00040.00   
02 Mark Stone           00030 00040.00   
00                            00000.00   
10                            00000.00 A 
00                            00000.00   
10                            00000.00 A 
00                            00000.00   
10                            00000.00 A 
00                            00000.00   
00                            00000.00   
10                            00000.00 A 
00                            00000.00   
00                            00000.00   
00                            00000.00   
10                            00000.00 A 
00                            00000.00   
10                            00000.00 A 
00                            00000.00   
10                            00000.00 A 
00                            00000.00   
10                            00000.00 A 
00                            00000.00   
10                            00000.00 A 
00                            00000.00   
10                            00000.00 A 
04 jfdsk jksd           99393 00199.00   
00                            00000.00   
10                            00000.00 A 
00                            00000.00   
10                            00000.00 A 
00                            00000.00   
10                            00000.00 A 
04 jfdsk jksd           99393 00199.00   
00                            00000.00   
10                            00000.00 A 
00                            00000.00   
10                            00000.00 A 
02 Emily Wilson         00020 00050.00   
02 Mark Stone           00010 00050.00   
00                            00000.00   
